10
0 769 954 952 945 104 934 347 164 365
769 0 718 832 162 723 228 758 424 606
954 718 0 488 834 197 913 196 585 895
952 832 488 0 475 100 658 842 229 646
945 162 834 475 0 119 185 193 313 175
104 723 197 100 119 0 537 647 916 401
934 228 913 658 185 537 0 429 112 207
347 758 196 842 193 647 429 0 249 259
164 424 585 229 313 916 112 249 0 694
365 606 895 646 175 401 207 259 694 0
0 0 0 0 0 194 0 0 190 0
0 0 0 332 0 0 0 0 381 119
0 0 0 0 372 0 0 0 0 260
0 183 0 0 0 0 0 289 0 103
0 0 335 0 0 0 186 318 0 0
0 0 0 0 0 0 354 246 0 0
0 0 0 0 177 279 0 0 0 0
0 0 0 336 254 395 0 0 134 0
0 111 0 0 0 0 0 298 0 0
0 0 0 0 0 0 0 0 0 0
656 607
349 228
460 380
657 378
618 187
155 99
541 570
272 649
429 98
120 339

